number = 3.141592677246358346

number
